     0/149     6.65G   0.07945   0.08308   0.02998    0.1925        56       640    0.3989    0.5759    0.4741    0.1882   0.05078   0.07371   0.01322
     1/149     7.72G   0.05511   0.07059  0.009493    0.1352        29       640    0.4142    0.7642    0.6432    0.2933   0.04789   0.06801  0.006845
     2/149     7.72G   0.05074   0.06913  0.007293    0.1272        40       640    0.6771    0.4179    0.4637    0.2098    0.0494    0.1084   0.01068
     3/149     7.72G   0.04764   0.07059  0.008356    0.1266        37       640    0.5443    0.7827    0.7478    0.3631   0.04119   0.06409  0.004639
     4/149     7.72G   0.04321   0.06618  0.005944    0.1153        37       640    0.5664    0.8273    0.7872    0.4174   0.03863   0.06118   0.00468
     5/149     7.72G    0.0415   0.06447  0.005009     0.111        52       640    0.5531     0.857    0.8048    0.4052   0.03793   0.05965  0.004041
     6/149     7.72G   0.04062   0.06175  0.004595     0.107        19       640    0.5534    0.8653    0.8227    0.4519   0.03611   0.05901  0.003847
     7/149     7.72G   0.03917   0.06057  0.004171    0.1039        26       640    0.5346    0.8764     0.826    0.4546   0.03664   0.05927  0.003827
     8/149     7.72G   0.03875   0.06071  0.004134    0.1036        70       640    0.6043    0.8691    0.8317    0.4544   0.03615   0.05871  0.003699
     9/149     7.72G   0.03823   0.05951  0.003852    0.1016        55       640    0.5453    0.8892    0.8427    0.4699   0.03566   0.05823  0.003579
    10/149     7.72G   0.03751   0.05896  0.003667    0.1001        37       640    0.5585    0.8805    0.8275    0.4567    0.0359   0.05879  0.003521
    11/149     7.72G   0.03733   0.05854   0.00368   0.09955        29       640    0.5719    0.8803    0.8454     0.477   0.03514   0.05743  0.003516
    12/149     7.72G   0.03697   0.05792  0.003541   0.09843        25       640    0.5459    0.8905    0.8455    0.4738   0.03548   0.05781  0.003558
    13/149     7.72G   0.03627   0.05655  0.003474   0.09629        49       640    0.5751    0.8963    0.8538    0.4863   0.03461   0.05661  0.003284
    14/149     7.72G   0.03624   0.05637   0.00307   0.09567        50       640    0.6157    0.8269    0.8007    0.4438   0.03684   0.06061  0.004249
    15/149     7.72G   0.03618   0.05745  0.003526   0.09716       106       640    0.5682    0.8885    0.8464    0.4871   0.03462   0.05695  0.003451
    16/149     7.72G   0.03585   0.05659  0.003246   0.09569        73       640      0.57    0.8969    0.8555    0.4974   0.03407   0.05641  0.003336
